Atoms for Graphene Sheet in LAMMPS

1 1 4.717951953081237 0.0 0
2 1 4.08586624520276 2.358975976540618 0
3 1 2.358975976540619 4.08586624520276 0
4 1 2.8889123789359704e-16 4.717951953081237 0
5 1 -2.3589759765406177 4.08586624520276 0
6 1 -4.085866245202759 2.3589759765406204 0
7 1 -4.717951953081237 2.6729740307416004e-15 0
8 1 -4.085866245202761 -2.358975976540616 0
9 1 -2.358975976540621 -4.085866245202758 0
10 1 -8.66673713680791e-16 -4.717951953081237 0
11 1 2.358975976540619 -4.08586624520276 0
12 1 4.0858662452027605 -2.358975976540617 0
13 1 4.717951953081237 0.0 0.705
14 1 4.08586624520276 2.358975976540618 0.705
15 1 2.358975976540619 4.08586624520276 0.705
16 1 2.8889123789359704e-16 4.717951953081237 0.705
17 1 -2.3589759765406177 4.08586624520276 0.705
18 1 -4.085866245202759 2.3589759765406204 0.705
19 1 -4.717951953081237 2.6729740307416004e-15 0.705
20 1 -4.085866245202761 -2.358975976540616 0.705
21 1 -2.358975976540621 -4.085866245202758 0.705
22 1 -8.66673713680791e-16 -4.717951953081237 0.705
23 1 2.358975976540619 -4.08586624520276 0.705
24 1 4.0858662452027605 -2.358975976540617 0.705
25 1 4.717951953081237 0.0 2.1149999999999998
26 1 4.08586624520276 2.358975976540618 2.1149999999999998
27 1 2.358975976540619 4.08586624520276 2.1149999999999998
28 1 2.8889123789359704e-16 4.717951953081237 2.1149999999999998
29 1 -2.3589759765406177 4.08586624520276 2.1149999999999998
30 1 -4.085866245202759 2.3589759765406204 2.1149999999999998
31 1 -4.717951953081237 2.6729740307416004e-15 2.1149999999999998
32 1 -4.085866245202761 -2.358975976540616 2.1149999999999998
33 1 -2.358975976540621 -4.085866245202758 2.1149999999999998
34 1 -8.66673713680791e-16 -4.717951953081237 2.1149999999999998
35 1 2.358975976540619 -4.08586624520276 2.1149999999999998
36 1 4.0858662452027605 -2.358975976540617 2.1149999999999998
37 1 4.717951953081237 0.0 2.82
38 1 4.08586624520276 2.358975976540618 2.82
39 1 2.358975976540619 4.08586624520276 2.82
40 1 2.8889123789359704e-16 4.717951953081237 2.82
41 1 -2.3589759765406177 4.08586624520276 2.82
42 1 -4.085866245202759 2.3589759765406204 2.82
43 1 -4.717951953081237 2.6729740307416004e-15 2.82
44 1 -4.085866245202761 -2.358975976540616 2.82
45 1 -2.358975976540621 -4.085866245202758 2.82
46 1 -8.66673713680791e-16 -4.717951953081237 2.82
47 1 2.358975976540619 -4.08586624520276 2.82
48 1 4.0858662452027605 -2.358975976540617 2.82
49 1 4.717951953081237 0.0 4.2299999999999995
50 1 4.08586624520276 2.358975976540618 4.2299999999999995
51 1 2.358975976540619 4.08586624520276 4.2299999999999995
52 1 2.8889123789359704e-16 4.717951953081237 4.2299999999999995
53 1 -2.3589759765406177 4.08586624520276 4.2299999999999995
54 1 -4.085866245202759 2.3589759765406204 4.2299999999999995
55 1 -4.717951953081237 2.6729740307416004e-15 4.2299999999999995
56 1 -4.085866245202761 -2.358975976540616 4.2299999999999995
57 1 -2.358975976540621 -4.085866245202758 4.2299999999999995
58 1 -8.66673713680791e-16 -4.717951953081237 4.2299999999999995
59 1 2.358975976540619 -4.08586624520276 4.2299999999999995
60 1 4.0858662452027605 -2.358975976540617 4.2299999999999995
61 1 4.717951953081237 0.0 4.935
62 1 4.08586624520276 2.358975976540618 4.935
63 1 2.358975976540619 4.08586624520276 4.935
64 1 2.8889123789359704e-16 4.717951953081237 4.935
65 1 -2.3589759765406177 4.08586624520276 4.935
66 1 -4.085866245202759 2.3589759765406204 4.935
67 1 -4.717951953081237 2.6729740307416004e-15 4.935
68 1 -4.085866245202761 -2.358975976540616 4.935
69 1 -2.358975976540621 -4.085866245202758 4.935
70 1 -8.66673713680791e-16 -4.717951953081237 4.935
71 1 2.358975976540619 -4.08586624520276 4.935
72 1 4.0858662452027605 -2.358975976540617 4.935
73 1 4.717951953081237 0.0 6.344999999999999
74 1 4.08586624520276 2.358975976540618 6.344999999999999
75 1 2.358975976540619 4.08586624520276 6.344999999999999
76 1 2.8889123789359704e-16 4.717951953081237 6.344999999999999
77 1 -2.3589759765406177 4.08586624520276 6.344999999999999
78 1 -4.085866245202759 2.3589759765406204 6.344999999999999
79 1 -4.717951953081237 2.6729740307416004e-15 6.344999999999999
80 1 -4.085866245202761 -2.358975976540616 6.344999999999999
81 1 -2.358975976540621 -4.085866245202758 6.344999999999999
82 1 -8.66673713680791e-16 -4.717951953081237 6.344999999999999
83 1 2.358975976540619 -4.08586624520276 6.344999999999999
84 1 4.0858662452027605 -2.358975976540617 6.344999999999999
85 1 4.717951953081237 0.0 7.049999999999999
86 1 4.08586624520276 2.358975976540618 7.049999999999999
87 1 2.358975976540619 4.08586624520276 7.049999999999999
88 1 2.8889123789359704e-16 4.717951953081237 7.049999999999999
89 1 -2.3589759765406177 4.08586624520276 7.049999999999999
90 1 -4.085866245202759 2.3589759765406204 7.049999999999999
91 1 -4.717951953081237 2.6729740307416004e-15 7.049999999999999
92 1 -4.085866245202761 -2.358975976540616 7.049999999999999
93 1 -2.358975976540621 -4.085866245202758 7.049999999999999
94 1 -8.66673713680791e-16 -4.717951953081237 7.049999999999999
95 1 2.358975976540619 -4.08586624520276 7.049999999999999
96 1 4.0858662452027605 -2.358975976540617 7.049999999999999
97 1 4.717951953081237 0.0 8.459999999999999
98 1 4.08586624520276 2.358975976540618 8.459999999999999
99 1 2.358975976540619 4.08586624520276 8.459999999999999
100 1 2.8889123789359704e-16 4.717951953081237 8.459999999999999
101 1 -2.3589759765406177 4.08586624520276 8.459999999999999
102 1 -4.085866245202759 2.3589759765406204 8.459999999999999
103 1 -4.717951953081237 2.6729740307416004e-15 8.459999999999999
104 1 -4.085866245202761 -2.358975976540616 8.459999999999999
105 1 -2.358975976540621 -4.085866245202758 8.459999999999999
106 1 -8.66673713680791e-16 -4.717951953081237 8.459999999999999
107 1 2.358975976540619 -4.08586624520276 8.459999999999999
108 1 4.0858662452027605 -2.358975976540617 8.459999999999999
109 1 4.717951953081237 0.0 9.165
110 1 4.08586624520276 2.358975976540618 9.165
111 1 2.358975976540619 4.08586624520276 9.165
112 1 2.8889123789359704e-16 4.717951953081237 9.165
113 1 -2.3589759765406177 4.08586624520276 9.165
114 1 -4.085866245202759 2.3589759765406204 9.165
115 1 -4.717951953081237 2.6729740307416004e-15 9.165
116 1 -4.085866245202761 -2.358975976540616 9.165
117 1 -2.358975976540621 -4.085866245202758 9.165
118 1 -8.66673713680791e-16 -4.717951953081237 9.165
119 1 2.358975976540619 -4.08586624520276 9.165
120 1 4.0858662452027605 -2.358975976540617 9.165
121 1 4.717951953081237 0.0 10.575
122 1 4.08586624520276 2.358975976540618 10.575
123 1 2.358975976540619 4.08586624520276 10.575
124 1 2.8889123789359704e-16 4.717951953081237 10.575
125 1 -2.3589759765406177 4.08586624520276 10.575
126 1 -4.085866245202759 2.3589759765406204 10.575
127 1 -4.717951953081237 2.6729740307416004e-15 10.575
128 1 -4.085866245202761 -2.358975976540616 10.575
129 1 -2.358975976540621 -4.085866245202758 10.575
130 1 -8.66673713680791e-16 -4.717951953081237 10.575
131 1 2.358975976540619 -4.08586624520276 10.575
132 1 4.0858662452027605 -2.358975976540617 10.575
133 1 4.717951953081237 0.0 11.28
134 1 4.08586624520276 2.358975976540618 11.28
135 1 2.358975976540619 4.08586624520276 11.28
136 1 2.8889123789359704e-16 4.717951953081237 11.28
137 1 -2.3589759765406177 4.08586624520276 11.28
138 1 -4.085866245202759 2.3589759765406204 11.28
139 1 -4.717951953081237 2.6729740307416004e-15 11.28
140 1 -4.085866245202761 -2.358975976540616 11.28
141 1 -2.358975976540621 -4.085866245202758 11.28
142 1 -8.66673713680791e-16 -4.717951953081237 11.28
143 1 2.358975976540619 -4.08586624520276 11.28
144 1 4.0858662452027605 -2.358975976540617 11.28
145 1 4.717951953081237 0.0 12.689999999999998
146 1 4.08586624520276 2.358975976540618 12.689999999999998
147 1 2.358975976540619 4.08586624520276 12.689999999999998
148 1 2.8889123789359704e-16 4.717951953081237 12.689999999999998
149 1 -2.3589759765406177 4.08586624520276 12.689999999999998
150 1 -4.085866245202759 2.3589759765406204 12.689999999999998
151 1 -4.717951953081237 2.6729740307416004e-15 12.689999999999998
152 1 -4.085866245202761 -2.358975976540616 12.689999999999998
153 1 -2.358975976540621 -4.085866245202758 12.689999999999998
154 1 -8.66673713680791e-16 -4.717951953081237 12.689999999999998
155 1 2.358975976540619 -4.08586624520276 12.689999999999998
156 1 4.0858662452027605 -2.358975976540617 12.689999999999998
157 1 4.717951953081237 0.0 13.394999999999998
158 1 4.08586624520276 2.358975976540618 13.394999999999998
159 1 2.358975976540619 4.08586624520276 13.394999999999998
160 1 2.8889123789359704e-16 4.717951953081237 13.394999999999998
161 1 -2.3589759765406177 4.08586624520276 13.394999999999998
162 1 -4.085866245202759 2.3589759765406204 13.394999999999998
163 1 -4.717951953081237 2.6729740307416004e-15 13.394999999999998
164 1 -4.085866245202761 -2.358975976540616 13.394999999999998
165 1 -2.358975976540621 -4.085866245202758 13.394999999999998
166 1 -8.66673713680791e-16 -4.717951953081237 13.394999999999998
167 1 2.358975976540619 -4.08586624520276 13.394999999999998
168 1 4.0858662452027605 -2.358975976540617 13.394999999999998
169 1 4.717951953081237 0.0 14.804999999999998
170 1 4.08586624520276 2.358975976540618 14.804999999999998
171 1 2.358975976540619 4.08586624520276 14.804999999999998
172 1 2.8889123789359704e-16 4.717951953081237 14.804999999999998
173 1 -2.3589759765406177 4.08586624520276 14.804999999999998
174 1 -4.085866245202759 2.3589759765406204 14.804999999999998
175 1 -4.717951953081237 2.6729740307416004e-15 14.804999999999998
176 1 -4.085866245202761 -2.358975976540616 14.804999999999998
177 1 -2.358975976540621 -4.085866245202758 14.804999999999998
178 1 -8.66673713680791e-16 -4.717951953081237 14.804999999999998
179 1 2.358975976540619 -4.08586624520276 14.804999999999998
180 1 4.0858662452027605 -2.358975976540617 14.804999999999998
181 1 4.717951953081237 0.0 15.509999999999998
182 1 4.08586624520276 2.358975976540618 15.509999999999998
183 1 2.358975976540619 4.08586624520276 15.509999999999998
184 1 2.8889123789359704e-16 4.717951953081237 15.509999999999998
185 1 -2.3589759765406177 4.08586624520276 15.509999999999998
186 1 -4.085866245202759 2.3589759765406204 15.509999999999998
187 1 -4.717951953081237 2.6729740307416004e-15 15.509999999999998
188 1 -4.085866245202761 -2.358975976540616 15.509999999999998
189 1 -2.358975976540621 -4.085866245202758 15.509999999999998
190 1 -8.66673713680791e-16 -4.717951953081237 15.509999999999998
191 1 2.358975976540619 -4.08586624520276 15.509999999999998
192 1 4.0858662452027605 -2.358975976540617 15.509999999999998
193 1 4.717951953081237 0.0 16.919999999999998
194 1 4.08586624520276 2.358975976540618 16.919999999999998
195 1 2.358975976540619 4.08586624520276 16.919999999999998
196 1 2.8889123789359704e-16 4.717951953081237 16.919999999999998
197 1 -2.3589759765406177 4.08586624520276 16.919999999999998
198 1 -4.085866245202759 2.3589759765406204 16.919999999999998
199 1 -4.717951953081237 2.6729740307416004e-15 16.919999999999998
200 1 -4.085866245202761 -2.358975976540616 16.919999999999998
201 1 -2.358975976540621 -4.085866245202758 16.919999999999998
202 1 -8.66673713680791e-16 -4.717951953081237 16.919999999999998
203 1 2.358975976540619 -4.08586624520276 16.919999999999998
204 1 4.0858662452027605 -2.358975976540617 16.919999999999998
205 1 4.717951953081237 0.0 17.624999999999996
206 1 4.08586624520276 2.358975976540618 17.624999999999996
207 1 2.358975976540619 4.08586624520276 17.624999999999996
208 1 2.8889123789359704e-16 4.717951953081237 17.624999999999996
209 1 -2.3589759765406177 4.08586624520276 17.624999999999996
210 1 -4.085866245202759 2.3589759765406204 17.624999999999996
211 1 -4.717951953081237 2.6729740307416004e-15 17.624999999999996
212 1 -4.085866245202761 -2.358975976540616 17.624999999999996
213 1 -2.358975976540621 -4.085866245202758 17.624999999999996
214 1 -8.66673713680791e-16 -4.717951953081237 17.624999999999996
215 1 2.358975976540619 -4.08586624520276 17.624999999999996
216 1 4.0858662452027605 -2.358975976540617 17.624999999999996
217 1 4.717951953081237 0.0 19.034999999999997
218 1 4.08586624520276 2.358975976540618 19.034999999999997
219 1 2.358975976540619 4.08586624520276 19.034999999999997
220 1 2.8889123789359704e-16 4.717951953081237 19.034999999999997
221 1 -2.3589759765406177 4.08586624520276 19.034999999999997
222 1 -4.085866245202759 2.3589759765406204 19.034999999999997
223 1 -4.717951953081237 2.6729740307416004e-15 19.034999999999997
224 1 -4.085866245202761 -2.358975976540616 19.034999999999997
225 1 -2.358975976540621 -4.085866245202758 19.034999999999997
226 1 -8.66673713680791e-16 -4.717951953081237 19.034999999999997
227 1 2.358975976540619 -4.08586624520276 19.034999999999997
228 1 4.0858662452027605 -2.358975976540617 19.034999999999997
229 1 4.717951953081237 0.0 19.74
230 1 4.08586624520276 2.358975976540618 19.74
231 1 2.358975976540619 4.08586624520276 19.74
232 1 2.8889123789359704e-16 4.717951953081237 19.74
233 1 -2.3589759765406177 4.08586624520276 19.74
234 1 -4.085866245202759 2.3589759765406204 19.74
235 1 -4.717951953081237 2.6729740307416004e-15 19.74
236 1 -4.085866245202761 -2.358975976540616 19.74
237 1 -2.358975976540621 -4.085866245202758 19.74
238 1 -8.66673713680791e-16 -4.717951953081237 19.74
239 1 2.358975976540619 -4.08586624520276 19.74
240 1 4.0858662452027605 -2.358975976540617 19.74
241 1 4.717951953081237 0.0 21.15
242 1 4.08586624520276 2.358975976540618 21.15
243 1 2.358975976540619 4.08586624520276 21.15
244 1 2.8889123789359704e-16 4.717951953081237 21.15
245 1 -2.3589759765406177 4.08586624520276 21.15
246 1 -4.085866245202759 2.3589759765406204 21.15
247 1 -4.717951953081237 2.6729740307416004e-15 21.15
248 1 -4.085866245202761 -2.358975976540616 21.15
249 1 -2.358975976540621 -4.085866245202758 21.15
250 1 -8.66673713680791e-16 -4.717951953081237 21.15
251 1 2.358975976540619 -4.08586624520276 21.15
252 1 4.0858662452027605 -2.358975976540617 21.15
253 1 4.717951953081237 0.0 21.854999999999997
254 1 4.08586624520276 2.358975976540618 21.854999999999997
255 1 2.358975976540619 4.08586624520276 21.854999999999997
256 1 2.8889123789359704e-16 4.717951953081237 21.854999999999997
257 1 -2.3589759765406177 4.08586624520276 21.854999999999997
258 1 -4.085866245202759 2.3589759765406204 21.854999999999997
259 1 -4.717951953081237 2.6729740307416004e-15 21.854999999999997
260 1 -4.085866245202761 -2.358975976540616 21.854999999999997
261 1 -2.358975976540621 -4.085866245202758 21.854999999999997
262 1 -8.66673713680791e-16 -4.717951953081237 21.854999999999997
263 1 2.358975976540619 -4.08586624520276 21.854999999999997
264 1 4.0858662452027605 -2.358975976540617 21.854999999999997
265 1 4.717951953081237 0.0 23.264999999999997
266 1 4.08586624520276 2.358975976540618 23.264999999999997
267 1 2.358975976540619 4.08586624520276 23.264999999999997
268 1 2.8889123789359704e-16 4.717951953081237 23.264999999999997
269 1 -2.3589759765406177 4.08586624520276 23.264999999999997
270 1 -4.085866245202759 2.3589759765406204 23.264999999999997
271 1 -4.717951953081237 2.6729740307416004e-15 23.264999999999997
272 1 -4.085866245202761 -2.358975976540616 23.264999999999997
273 1 -2.358975976540621 -4.085866245202758 23.264999999999997
274 1 -8.66673713680791e-16 -4.717951953081237 23.264999999999997
275 1 2.358975976540619 -4.08586624520276 23.264999999999997
276 1 4.0858662452027605 -2.358975976540617 23.264999999999997
277 1 4.717951953081237 0.0 23.97
278 1 4.08586624520276 2.358975976540618 23.97
279 1 2.358975976540619 4.08586624520276 23.97
280 1 2.8889123789359704e-16 4.717951953081237 23.97
281 1 -2.3589759765406177 4.08586624520276 23.97
282 1 -4.085866245202759 2.3589759765406204 23.97
283 1 -4.717951953081237 2.6729740307416004e-15 23.97
284 1 -4.085866245202761 -2.358975976540616 23.97
285 1 -2.358975976540621 -4.085866245202758 23.97
286 1 -8.66673713680791e-16 -4.717951953081237 23.97
287 1 2.358975976540619 -4.08586624520276 23.97
288 1 4.0858662452027605 -2.358975976540617 23.97
289 1 4.717951953081237 0.0 25.38
290 1 4.08586624520276 2.358975976540618 25.38
291 1 2.358975976540619 4.08586624520276 25.38
292 1 2.8889123789359704e-16 4.717951953081237 25.38
293 1 -2.3589759765406177 4.08586624520276 25.38
294 1 -4.085866245202759 2.3589759765406204 25.38
295 1 -4.717951953081237 2.6729740307416004e-15 25.38
296 1 -4.085866245202761 -2.358975976540616 25.38
297 1 -2.358975976540621 -4.085866245202758 25.38
298 1 -8.66673713680791e-16 -4.717951953081237 25.38
299 1 2.358975976540619 -4.08586624520276 25.38
300 1 4.0858662452027605 -2.358975976540617 25.38
301 1 4.717951953081237 0.0 26.084999999999997
302 1 4.08586624520276 2.358975976540618 26.084999999999997
303 1 2.358975976540619 4.08586624520276 26.084999999999997
304 1 2.8889123789359704e-16 4.717951953081237 26.084999999999997
305 1 -2.3589759765406177 4.08586624520276 26.084999999999997
306 1 -4.085866245202759 2.3589759765406204 26.084999999999997
307 1 -4.717951953081237 2.6729740307416004e-15 26.084999999999997
308 1 -4.085866245202761 -2.358975976540616 26.084999999999997
309 1 -2.358975976540621 -4.085866245202758 26.084999999999997
310 1 -8.66673713680791e-16 -4.717951953081237 26.084999999999997
311 1 2.358975976540619 -4.08586624520276 26.084999999999997
312 1 4.0858662452027605 -2.358975976540617 26.084999999999997
313 1 4.717951953081237 0.0 27.494999999999997
314 1 4.08586624520276 2.358975976540618 27.494999999999997
315 1 2.358975976540619 4.08586624520276 27.494999999999997
316 1 2.8889123789359704e-16 4.717951953081237 27.494999999999997
317 1 -2.3589759765406177 4.08586624520276 27.494999999999997
318 1 -4.085866245202759 2.3589759765406204 27.494999999999997
319 1 -4.717951953081237 2.6729740307416004e-15 27.494999999999997
320 1 -4.085866245202761 -2.358975976540616 27.494999999999997
321 1 -2.358975976540621 -4.085866245202758 27.494999999999997
322 1 -8.66673713680791e-16 -4.717951953081237 27.494999999999997
323 1 2.358975976540619 -4.08586624520276 27.494999999999997
324 1 4.0858662452027605 -2.358975976540617 27.494999999999997
325 1 4.717951953081237 0.0 28.2
326 1 4.08586624520276 2.358975976540618 28.2
327 1 2.358975976540619 4.08586624520276 28.2
328 1 2.8889123789359704e-16 4.717951953081237 28.2
329 1 -2.3589759765406177 4.08586624520276 28.2
330 1 -4.085866245202759 2.3589759765406204 28.2
331 1 -4.717951953081237 2.6729740307416004e-15 28.2
332 1 -4.085866245202761 -2.358975976540616 28.2
333 1 -2.358975976540621 -4.085866245202758 28.2
334 1 -8.66673713680791e-16 -4.717951953081237 28.2
335 1 2.358975976540619 -4.08586624520276 28.2
336 1 4.0858662452027605 -2.358975976540617 28.2
337 1 4.717951953081237 0.0 29.61
338 1 4.08586624520276 2.358975976540618 29.61
339 1 2.358975976540619 4.08586624520276 29.61
340 1 2.8889123789359704e-16 4.717951953081237 29.61
341 1 -2.3589759765406177 4.08586624520276 29.61
342 1 -4.085866245202759 2.3589759765406204 29.61
343 1 -4.717951953081237 2.6729740307416004e-15 29.61
344 1 -4.085866245202761 -2.358975976540616 29.61
345 1 -2.358975976540621 -4.085866245202758 29.61
346 1 -8.66673713680791e-16 -4.717951953081237 29.61
347 1 2.358975976540619 -4.08586624520276 29.61
348 1 4.0858662452027605 -2.358975976540617 29.61
349 1 4.717951953081237 0.0 30.314999999999998
350 1 4.08586624520276 2.358975976540618 30.314999999999998
351 1 2.358975976540619 4.08586624520276 30.314999999999998
352 1 2.8889123789359704e-16 4.717951953081237 30.314999999999998
353 1 -2.3589759765406177 4.08586624520276 30.314999999999998
354 1 -4.085866245202759 2.3589759765406204 30.314999999999998
355 1 -4.717951953081237 2.6729740307416004e-15 30.314999999999998
356 1 -4.085866245202761 -2.358975976540616 30.314999999999998
357 1 -2.358975976540621 -4.085866245202758 30.314999999999998
358 1 -8.66673713680791e-16 -4.717951953081237 30.314999999999998
359 1 2.358975976540619 -4.08586624520276 30.314999999999998
360 1 4.0858662452027605 -2.358975976540617 30.314999999999998
361 1 4.717951953081237 0.0 31.724999999999998
362 1 4.08586624520276 2.358975976540618 31.724999999999998
363 1 2.358975976540619 4.08586624520276 31.724999999999998
364 1 2.8889123789359704e-16 4.717951953081237 31.724999999999998
365 1 -2.3589759765406177 4.08586624520276 31.724999999999998
366 1 -4.085866245202759 2.3589759765406204 31.724999999999998
367 1 -4.717951953081237 2.6729740307416004e-15 31.724999999999998
368 1 -4.085866245202761 -2.358975976540616 31.724999999999998
369 1 -2.358975976540621 -4.085866245202758 31.724999999999998
370 1 -8.66673713680791e-16 -4.717951953081237 31.724999999999998
371 1 2.358975976540619 -4.08586624520276 31.724999999999998
372 1 4.0858662452027605 -2.358975976540617 31.724999999999998
373 1 4.717951953081237 0.0 32.43
374 1 4.08586624520276 2.358975976540618 32.43
375 1 2.358975976540619 4.08586624520276 32.43
376 1 2.8889123789359704e-16 4.717951953081237 32.43
377 1 -2.3589759765406177 4.08586624520276 32.43
378 1 -4.085866245202759 2.3589759765406204 32.43
379 1 -4.717951953081237 2.6729740307416004e-15 32.43
380 1 -4.085866245202761 -2.358975976540616 32.43
381 1 -2.358975976540621 -4.085866245202758 32.43
382 1 -8.66673713680791e-16 -4.717951953081237 32.43
383 1 2.358975976540619 -4.08586624520276 32.43
384 1 4.0858662452027605 -2.358975976540617 32.43
385 1 4.717951953081237 0.0 33.839999999999996
386 1 4.08586624520276 2.358975976540618 33.839999999999996
387 1 2.358975976540619 4.08586624520276 33.839999999999996
388 1 2.8889123789359704e-16 4.717951953081237 33.839999999999996
389 1 -2.3589759765406177 4.08586624520276 33.839999999999996
390 1 -4.085866245202759 2.3589759765406204 33.839999999999996
391 1 -4.717951953081237 2.6729740307416004e-15 33.839999999999996
392 1 -4.085866245202761 -2.358975976540616 33.839999999999996
393 1 -2.358975976540621 -4.085866245202758 33.839999999999996
394 1 -8.66673713680791e-16 -4.717951953081237 33.839999999999996
395 1 2.358975976540619 -4.08586624520276 33.839999999999996
396 1 4.0858662452027605 -2.358975976540617 33.839999999999996
397 1 4.717951953081237 0.0 34.544999999999995
398 1 4.08586624520276 2.358975976540618 34.544999999999995
399 1 2.358975976540619 4.08586624520276 34.544999999999995
400 1 2.8889123789359704e-16 4.717951953081237 34.544999999999995
401 1 -2.3589759765406177 4.08586624520276 34.544999999999995
402 1 -4.085866245202759 2.3589759765406204 34.544999999999995
403 1 -4.717951953081237 2.6729740307416004e-15 34.544999999999995
404 1 -4.085866245202761 -2.358975976540616 34.544999999999995
405 1 -2.358975976540621 -4.085866245202758 34.544999999999995
406 1 -8.66673713680791e-16 -4.717951953081237 34.544999999999995
407 1 2.358975976540619 -4.08586624520276 34.544999999999995
408 1 4.0858662452027605 -2.358975976540617 34.544999999999995
409 1 4.717951953081237 0.0 35.955
410 1 4.08586624520276 2.358975976540618 35.955
411 1 2.358975976540619 4.08586624520276 35.955
412 1 2.8889123789359704e-16 4.717951953081237 35.955
413 1 -2.3589759765406177 4.08586624520276 35.955
414 1 -4.085866245202759 2.3589759765406204 35.955
415 1 -4.717951953081237 2.6729740307416004e-15 35.955
416 1 -4.085866245202761 -2.358975976540616 35.955
417 1 -2.358975976540621 -4.085866245202758 35.955
418 1 -8.66673713680791e-16 -4.717951953081237 35.955
419 1 2.358975976540619 -4.08586624520276 35.955
420 1 4.0858662452027605 -2.358975976540617 35.955
421 1 4.717951953081237 0.0 36.66
422 1 4.08586624520276 2.358975976540618 36.66
423 1 2.358975976540619 4.08586624520276 36.66
424 1 2.8889123789359704e-16 4.717951953081237 36.66
425 1 -2.3589759765406177 4.08586624520276 36.66
426 1 -4.085866245202759 2.3589759765406204 36.66
427 1 -4.717951953081237 2.6729740307416004e-15 36.66
428 1 -4.085866245202761 -2.358975976540616 36.66
429 1 -2.358975976540621 -4.085866245202758 36.66
430 1 -8.66673713680791e-16 -4.717951953081237 36.66
431 1 2.358975976540619 -4.08586624520276 36.66
432 1 4.0858662452027605 -2.358975976540617 36.66
433 1 4.717951953081237 0.0 38.06999999999999
434 1 4.08586624520276 2.358975976540618 38.06999999999999
435 1 2.358975976540619 4.08586624520276 38.06999999999999
436 1 2.8889123789359704e-16 4.717951953081237 38.06999999999999
437 1 -2.3589759765406177 4.08586624520276 38.06999999999999
438 1 -4.085866245202759 2.3589759765406204 38.06999999999999
439 1 -4.717951953081237 2.6729740307416004e-15 38.06999999999999
440 1 -4.085866245202761 -2.358975976540616 38.06999999999999
441 1 -2.358975976540621 -4.085866245202758 38.06999999999999
442 1 -8.66673713680791e-16 -4.717951953081237 38.06999999999999
443 1 2.358975976540619 -4.08586624520276 38.06999999999999
444 1 4.0858662452027605 -2.358975976540617 38.06999999999999
445 1 4.717951953081237 0.0 38.77499999999999
446 1 4.08586624520276 2.358975976540618 38.77499999999999
447 1 2.358975976540619 4.08586624520276 38.77499999999999
448 1 2.8889123789359704e-16 4.717951953081237 38.77499999999999
449 1 -2.3589759765406177 4.08586624520276 38.77499999999999
450 1 -4.085866245202759 2.3589759765406204 38.77499999999999
451 1 -4.717951953081237 2.6729740307416004e-15 38.77499999999999
452 1 -4.085866245202761 -2.358975976540616 38.77499999999999
453 1 -2.358975976540621 -4.085866245202758 38.77499999999999
454 1 -8.66673713680791e-16 -4.717951953081237 38.77499999999999
455 1 2.358975976540619 -4.08586624520276 38.77499999999999
456 1 4.0858662452027605 -2.358975976540617 38.77499999999999
457 1 4.717951953081237 0.0 40.184999999999995
458 1 4.08586624520276 2.358975976540618 40.184999999999995
459 1 2.358975976540619 4.08586624520276 40.184999999999995
460 1 2.8889123789359704e-16 4.717951953081237 40.184999999999995
461 1 -2.3589759765406177 4.08586624520276 40.184999999999995
462 1 -4.085866245202759 2.3589759765406204 40.184999999999995
463 1 -4.717951953081237 2.6729740307416004e-15 40.184999999999995
464 1 -4.085866245202761 -2.358975976540616 40.184999999999995
465 1 -2.358975976540621 -4.085866245202758 40.184999999999995
466 1 -8.66673713680791e-16 -4.717951953081237 40.184999999999995
467 1 2.358975976540619 -4.08586624520276 40.184999999999995
468 1 4.0858662452027605 -2.358975976540617 40.184999999999995
469 1 4.717951953081237 0.0 40.88999999999999
470 1 4.08586624520276 2.358975976540618 40.88999999999999
471 1 2.358975976540619 4.08586624520276 40.88999999999999
472 1 2.8889123789359704e-16 4.717951953081237 40.88999999999999
473 1 -2.3589759765406177 4.08586624520276 40.88999999999999
474 1 -4.085866245202759 2.3589759765406204 40.88999999999999
475 1 -4.717951953081237 2.6729740307416004e-15 40.88999999999999
476 1 -4.085866245202761 -2.358975976540616 40.88999999999999
477 1 -2.358975976540621 -4.085866245202758 40.88999999999999
478 1 -8.66673713680791e-16 -4.717951953081237 40.88999999999999
479 1 2.358975976540619 -4.08586624520276 40.88999999999999
480 1 4.0858662452027605 -2.358975976540617 40.88999999999999
481 1 4.717951953081237 0.0 42.29999999999999
482 1 4.08586624520276 2.358975976540618 42.29999999999999
483 1 2.358975976540619 4.08586624520276 42.29999999999999
484 1 2.8889123789359704e-16 4.717951953081237 42.29999999999999
485 1 -2.3589759765406177 4.08586624520276 42.29999999999999
486 1 -4.085866245202759 2.3589759765406204 42.29999999999999
487 1 -4.717951953081237 2.6729740307416004e-15 42.29999999999999
488 1 -4.085866245202761 -2.358975976540616 42.29999999999999
489 1 -2.358975976540621 -4.085866245202758 42.29999999999999
490 1 -8.66673713680791e-16 -4.717951953081237 42.29999999999999
491 1 2.358975976540619 -4.08586624520276 42.29999999999999
492 1 4.0858662452027605 -2.358975976540617 42.29999999999999
493 1 4.717951953081237 0.0 43.00499999999999
494 1 4.08586624520276 2.358975976540618 43.00499999999999
495 1 2.358975976540619 4.08586624520276 43.00499999999999
496 1 2.8889123789359704e-16 4.717951953081237 43.00499999999999
497 1 -2.3589759765406177 4.08586624520276 43.00499999999999
498 1 -4.085866245202759 2.3589759765406204 43.00499999999999
499 1 -4.717951953081237 2.6729740307416004e-15 43.00499999999999
500 1 -4.085866245202761 -2.358975976540616 43.00499999999999
501 1 -2.358975976540621 -4.085866245202758 43.00499999999999
502 1 -8.66673713680791e-16 -4.717951953081237 43.00499999999999
503 1 2.358975976540619 -4.08586624520276 43.00499999999999
504 1 4.0858662452027605 -2.358975976540617 43.00499999999999
505 1 4.717951953081237 0.0 44.41499999999999
506 1 4.08586624520276 2.358975976540618 44.41499999999999
507 1 2.358975976540619 4.08586624520276 44.41499999999999
508 1 2.8889123789359704e-16 4.717951953081237 44.41499999999999
509 1 -2.3589759765406177 4.08586624520276 44.41499999999999
510 1 -4.085866245202759 2.3589759765406204 44.41499999999999
511 1 -4.717951953081237 2.6729740307416004e-15 44.41499999999999
512 1 -4.085866245202761 -2.358975976540616 44.41499999999999
513 1 -2.358975976540621 -4.085866245202758 44.41499999999999
514 1 -8.66673713680791e-16 -4.717951953081237 44.41499999999999
515 1 2.358975976540619 -4.08586624520276 44.41499999999999
516 1 4.0858662452027605 -2.358975976540617 44.41499999999999
517 1 4.717951953081237 0.0 45.11999999999999
518 1 4.08586624520276 2.358975976540618 45.11999999999999
519 1 2.358975976540619 4.08586624520276 45.11999999999999
520 1 2.8889123789359704e-16 4.717951953081237 45.11999999999999
521 1 -2.3589759765406177 4.08586624520276 45.11999999999999
522 1 -4.085866245202759 2.3589759765406204 45.11999999999999
523 1 -4.717951953081237 2.6729740307416004e-15 45.11999999999999
524 1 -4.085866245202761 -2.358975976540616 45.11999999999999
525 1 -2.358975976540621 -4.085866245202758 45.11999999999999
526 1 -8.66673713680791e-16 -4.717951953081237 45.11999999999999
527 1 2.358975976540619 -4.08586624520276 45.11999999999999
528 1 4.0858662452027605 -2.358975976540617 45.11999999999999
529 1 4.717951953081237 0.0 46.52999999999999
530 1 4.08586624520276 2.358975976540618 46.52999999999999
531 1 2.358975976540619 4.08586624520276 46.52999999999999
532 1 2.8889123789359704e-16 4.717951953081237 46.52999999999999
533 1 -2.3589759765406177 4.08586624520276 46.52999999999999
534 1 -4.085866245202759 2.3589759765406204 46.52999999999999
535 1 -4.717951953081237 2.6729740307416004e-15 46.52999999999999
536 1 -4.085866245202761 -2.358975976540616 46.52999999999999
537 1 -2.358975976540621 -4.085866245202758 46.52999999999999
538 1 -8.66673713680791e-16 -4.717951953081237 46.52999999999999
539 1 2.358975976540619 -4.08586624520276 46.52999999999999
540 1 4.0858662452027605 -2.358975976540617 46.52999999999999
541 1 4.717951953081237 0.0 47.234999999999985
542 1 4.08586624520276 2.358975976540618 47.234999999999985
543 1 2.358975976540619 4.08586624520276 47.234999999999985
544 1 2.8889123789359704e-16 4.717951953081237 47.234999999999985
545 1 -2.3589759765406177 4.08586624520276 47.234999999999985
546 1 -4.085866245202759 2.3589759765406204 47.234999999999985
547 1 -4.717951953081237 2.6729740307416004e-15 47.234999999999985
548 1 -4.085866245202761 -2.358975976540616 47.234999999999985
549 1 -2.358975976540621 -4.085866245202758 47.234999999999985
550 1 -8.66673713680791e-16 -4.717951953081237 47.234999999999985
551 1 2.358975976540619 -4.08586624520276 47.234999999999985
552 1 4.0858662452027605 -2.358975976540617 47.234999999999985
553 1 4.717951953081237 0.0 48.64499999999999
554 1 4.08586624520276 2.358975976540618 48.64499999999999
555 1 2.358975976540619 4.08586624520276 48.64499999999999
556 1 2.8889123789359704e-16 4.717951953081237 48.64499999999999
557 1 -2.3589759765406177 4.08586624520276 48.64499999999999
558 1 -4.085866245202759 2.3589759765406204 48.64499999999999
559 1 -4.717951953081237 2.6729740307416004e-15 48.64499999999999
560 1 -4.085866245202761 -2.358975976540616 48.64499999999999
561 1 -2.358975976540621 -4.085866245202758 48.64499999999999
562 1 -8.66673713680791e-16 -4.717951953081237 48.64499999999999
563 1 2.358975976540619 -4.08586624520276 48.64499999999999
564 1 4.0858662452027605 -2.358975976540617 48.64499999999999
565 1 4.717951953081237 0.0 49.34999999999999
566 1 4.08586624520276 2.358975976540618 49.34999999999999
567 1 2.358975976540619 4.08586624520276 49.34999999999999
568 1 2.8889123789359704e-16 4.717951953081237 49.34999999999999
569 1 -2.3589759765406177 4.08586624520276 49.34999999999999
570 1 -4.085866245202759 2.3589759765406204 49.34999999999999
571 1 -4.717951953081237 2.6729740307416004e-15 49.34999999999999
572 1 -4.085866245202761 -2.358975976540616 49.34999999999999
573 1 -2.358975976540621 -4.085866245202758 49.34999999999999
574 1 -8.66673713680791e-16 -4.717951953081237 49.34999999999999
575 1 2.358975976540619 -4.08586624520276 49.34999999999999
576 1 4.0858662452027605 -2.358975976540617 49.34999999999999
577 1 4.717951953081237 0.0 50.759999999999984
578 1 4.08586624520276 2.358975976540618 50.759999999999984
579 1 2.358975976540619 4.08586624520276 50.759999999999984
580 1 2.8889123789359704e-16 4.717951953081237 50.759999999999984
581 1 -2.3589759765406177 4.08586624520276 50.759999999999984
582 1 -4.085866245202759 2.3589759765406204 50.759999999999984
583 1 -4.717951953081237 2.6729740307416004e-15 50.759999999999984
584 1 -4.085866245202761 -2.358975976540616 50.759999999999984
585 1 -2.358975976540621 -4.085866245202758 50.759999999999984
586 1 -8.66673713680791e-16 -4.717951953081237 50.759999999999984
587 1 2.358975976540619 -4.08586624520276 50.759999999999984
588 1 4.0858662452027605 -2.358975976540617 50.759999999999984
589 1 4.717951953081237 0.0 51.46499999999998
590 1 4.08586624520276 2.358975976540618 51.46499999999998
591 1 2.358975976540619 4.08586624520276 51.46499999999998
592 1 2.8889123789359704e-16 4.717951953081237 51.46499999999998
593 1 -2.3589759765406177 4.08586624520276 51.46499999999998
594 1 -4.085866245202759 2.3589759765406204 51.46499999999998
595 1 -4.717951953081237 2.6729740307416004e-15 51.46499999999998
596 1 -4.085866245202761 -2.358975976540616 51.46499999999998
597 1 -2.358975976540621 -4.085866245202758 51.46499999999998
598 1 -8.66673713680791e-16 -4.717951953081237 51.46499999999998
599 1 2.358975976540619 -4.08586624520276 51.46499999999998
600 1 4.0858662452027605 -2.358975976540617 51.46499999999998
601 1 4.717951953081237 0.0 52.874999999999986
602 1 4.08586624520276 2.358975976540618 52.874999999999986
603 1 2.358975976540619 4.08586624520276 52.874999999999986
604 1 2.8889123789359704e-16 4.717951953081237 52.874999999999986
605 1 -2.3589759765406177 4.08586624520276 52.874999999999986
606 1 -4.085866245202759 2.3589759765406204 52.874999999999986
607 1 -4.717951953081237 2.6729740307416004e-15 52.874999999999986
608 1 -4.085866245202761 -2.358975976540616 52.874999999999986
609 1 -2.358975976540621 -4.085866245202758 52.874999999999986
610 1 -8.66673713680791e-16 -4.717951953081237 52.874999999999986
611 1 2.358975976540619 -4.08586624520276 52.874999999999986
612 1 4.0858662452027605 -2.358975976540617 52.874999999999986
613 1 4.717951953081237 0.0 53.579999999999984
614 1 4.08586624520276 2.358975976540618 53.579999999999984
615 1 2.358975976540619 4.08586624520276 53.579999999999984
616 1 2.8889123789359704e-16 4.717951953081237 53.579999999999984
617 1 -2.3589759765406177 4.08586624520276 53.579999999999984
618 1 -4.085866245202759 2.3589759765406204 53.579999999999984
619 1 -4.717951953081237 2.6729740307416004e-15 53.579999999999984
620 1 -4.085866245202761 -2.358975976540616 53.579999999999984
621 1 -2.358975976540621 -4.085866245202758 53.579999999999984
622 1 -8.66673713680791e-16 -4.717951953081237 53.579999999999984
623 1 2.358975976540619 -4.08586624520276 53.579999999999984
624 1 4.0858662452027605 -2.358975976540617 53.579999999999984
625 1 4.717951953081237 0.0 54.98999999999998
626 1 4.08586624520276 2.358975976540618 54.98999999999998
627 1 2.358975976540619 4.08586624520276 54.98999999999998
628 1 2.8889123789359704e-16 4.717951953081237 54.98999999999998
629 1 -2.3589759765406177 4.08586624520276 54.98999999999998
630 1 -4.085866245202759 2.3589759765406204 54.98999999999998
631 1 -4.717951953081237 2.6729740307416004e-15 54.98999999999998
632 1 -4.085866245202761 -2.358975976540616 54.98999999999998
633 1 -2.358975976540621 -4.085866245202758 54.98999999999998
634 1 -8.66673713680791e-16 -4.717951953081237 54.98999999999998
635 1 2.358975976540619 -4.08586624520276 54.98999999999998
636 1 4.0858662452027605 -2.358975976540617 54.98999999999998
637 1 4.717951953081237 0.0 55.69499999999998
638 1 4.08586624520276 2.358975976540618 55.69499999999998
639 1 2.358975976540619 4.08586624520276 55.69499999999998
640 1 2.8889123789359704e-16 4.717951953081237 55.69499999999998
641 1 -2.3589759765406177 4.08586624520276 55.69499999999998
642 1 -4.085866245202759 2.3589759765406204 55.69499999999998
643 1 -4.717951953081237 2.6729740307416004e-15 55.69499999999998
644 1 -4.085866245202761 -2.358975976540616 55.69499999999998
645 1 -2.358975976540621 -4.085866245202758 55.69499999999998
646 1 -8.66673713680791e-16 -4.717951953081237 55.69499999999998
647 1 2.358975976540619 -4.08586624520276 55.69499999999998
648 1 4.0858662452027605 -2.358975976540617 55.69499999999998
649 1 4.717951953081237 0.0 57.10499999999998
650 1 4.08586624520276 2.358975976540618 57.10499999999998
651 1 2.358975976540619 4.08586624520276 57.10499999999998
652 1 2.8889123789359704e-16 4.717951953081237 57.10499999999998
653 1 -2.3589759765406177 4.08586624520276 57.10499999999998
654 1 -4.085866245202759 2.3589759765406204 57.10499999999998
655 1 -4.717951953081237 2.6729740307416004e-15 57.10499999999998
656 1 -4.085866245202761 -2.358975976540616 57.10499999999998
657 1 -2.358975976540621 -4.085866245202758 57.10499999999998
658 1 -8.66673713680791e-16 -4.717951953081237 57.10499999999998
659 1 2.358975976540619 -4.08586624520276 57.10499999999998
660 1 4.0858662452027605 -2.358975976540617 57.10499999999998
661 1 4.717951953081237 0.0 57.80999999999998
662 1 4.08586624520276 2.358975976540618 57.80999999999998
663 1 2.358975976540619 4.08586624520276 57.80999999999998
664 1 2.8889123789359704e-16 4.717951953081237 57.80999999999998
665 1 -2.3589759765406177 4.08586624520276 57.80999999999998
666 1 -4.085866245202759 2.3589759765406204 57.80999999999998
667 1 -4.717951953081237 2.6729740307416004e-15 57.80999999999998
668 1 -4.085866245202761 -2.358975976540616 57.80999999999998
669 1 -2.358975976540621 -4.085866245202758 57.80999999999998
670 1 -8.66673713680791e-16 -4.717951953081237 57.80999999999998
671 1 2.358975976540619 -4.08586624520276 57.80999999999998
672 1 4.0858662452027605 -2.358975976540617 57.80999999999998
673 1 4.717951953081237 0.0 59.21999999999998
674 1 4.08586624520276 2.358975976540618 59.21999999999998
675 1 2.358975976540619 4.08586624520276 59.21999999999998
676 1 2.8889123789359704e-16 4.717951953081237 59.21999999999998
677 1 -2.3589759765406177 4.08586624520276 59.21999999999998
678 1 -4.085866245202759 2.3589759765406204 59.21999999999998
679 1 -4.717951953081237 2.6729740307416004e-15 59.21999999999998
680 1 -4.085866245202761 -2.358975976540616 59.21999999999998
681 1 -2.358975976540621 -4.085866245202758 59.21999999999998
682 1 -8.66673713680791e-16 -4.717951953081237 59.21999999999998
683 1 2.358975976540619 -4.08586624520276 59.21999999999998
684 1 4.0858662452027605 -2.358975976540617 59.21999999999998
685 1 4.717951953081237 0.0 59.924999999999976
686 1 4.08586624520276 2.358975976540618 59.924999999999976
687 1 2.358975976540619 4.08586624520276 59.924999999999976
688 1 2.8889123789359704e-16 4.717951953081237 59.924999999999976
689 1 -2.3589759765406177 4.08586624520276 59.924999999999976
690 1 -4.085866245202759 2.3589759765406204 59.924999999999976
691 1 -4.717951953081237 2.6729740307416004e-15 59.924999999999976
692 1 -4.085866245202761 -2.358975976540616 59.924999999999976
693 1 -2.358975976540621 -4.085866245202758 59.924999999999976
694 1 -8.66673713680791e-16 -4.717951953081237 59.924999999999976
695 1 2.358975976540619 -4.08586624520276 59.924999999999976
696 1 4.0858662452027605 -2.358975976540617 59.924999999999976
697 1 4.717951953081237 0.0 61.33499999999998
698 1 4.08586624520276 2.358975976540618 61.33499999999998
699 1 2.358975976540619 4.08586624520276 61.33499999999998
700 1 2.8889123789359704e-16 4.717951953081237 61.33499999999998
701 1 -2.3589759765406177 4.08586624520276 61.33499999999998
702 1 -4.085866245202759 2.3589759765406204 61.33499999999998
703 1 -4.717951953081237 2.6729740307416004e-15 61.33499999999998
704 1 -4.085866245202761 -2.358975976540616 61.33499999999998
705 1 -2.358975976540621 -4.085866245202758 61.33499999999998
706 1 -8.66673713680791e-16 -4.717951953081237 61.33499999999998
707 1 2.358975976540619 -4.08586624520276 61.33499999999998
708 1 4.0858662452027605 -2.358975976540617 61.33499999999998
709 1 4.717951953081237 0.0 62.03999999999998
710 1 4.08586624520276 2.358975976540618 62.03999999999998
711 1 2.358975976540619 4.08586624520276 62.03999999999998
712 1 2.8889123789359704e-16 4.717951953081237 62.03999999999998
713 1 -2.3589759765406177 4.08586624520276 62.03999999999998
714 1 -4.085866245202759 2.3589759765406204 62.03999999999998
715 1 -4.717951953081237 2.6729740307416004e-15 62.03999999999998
716 1 -4.085866245202761 -2.358975976540616 62.03999999999998
717 1 -2.358975976540621 -4.085866245202758 62.03999999999998
718 1 -8.66673713680791e-16 -4.717951953081237 62.03999999999998
719 1 2.358975976540619 -4.08586624520276 62.03999999999998
720 1 4.0858662452027605 -2.358975976540617 62.03999999999998
721 1 4.717951953081237 0.0 63.449999999999974
722 1 4.08586624520276 2.358975976540618 63.449999999999974
723 1 2.358975976540619 4.08586624520276 63.449999999999974
724 1 2.8889123789359704e-16 4.717951953081237 63.449999999999974
725 1 -2.3589759765406177 4.08586624520276 63.449999999999974
726 1 -4.085866245202759 2.3589759765406204 63.449999999999974
727 1 -4.717951953081237 2.6729740307416004e-15 63.449999999999974
728 1 -4.085866245202761 -2.358975976540616 63.449999999999974
729 1 -2.358975976540621 -4.085866245202758 63.449999999999974
730 1 -8.66673713680791e-16 -4.717951953081237 63.449999999999974
731 1 2.358975976540619 -4.08586624520276 63.449999999999974
732 1 4.0858662452027605 -2.358975976540617 63.449999999999974
733 1 4.717951953081237 0.0 64.15499999999997
734 1 4.08586624520276 2.358975976540618 64.15499999999997
735 1 2.358975976540619 4.08586624520276 64.15499999999997
736 1 2.8889123789359704e-16 4.717951953081237 64.15499999999997
737 1 -2.3589759765406177 4.08586624520276 64.15499999999997
738 1 -4.085866245202759 2.3589759765406204 64.15499999999997
739 1 -4.717951953081237 2.6729740307416004e-15 64.15499999999997
740 1 -4.085866245202761 -2.358975976540616 64.15499999999997
741 1 -2.358975976540621 -4.085866245202758 64.15499999999997
742 1 -8.66673713680791e-16 -4.717951953081237 64.15499999999997
743 1 2.358975976540619 -4.08586624520276 64.15499999999997
744 1 4.0858662452027605 -2.358975976540617 64.15499999999997
745 1 4.717951953081237 0.0 65.56499999999997
746 1 4.08586624520276 2.358975976540618 65.56499999999997
747 1 2.358975976540619 4.08586624520276 65.56499999999997
748 1 2.8889123789359704e-16 4.717951953081237 65.56499999999997
749 1 -2.3589759765406177 4.08586624520276 65.56499999999997
750 1 -4.085866245202759 2.3589759765406204 65.56499999999997
751 1 -4.717951953081237 2.6729740307416004e-15 65.56499999999997
752 1 -4.085866245202761 -2.358975976540616 65.56499999999997
753 1 -2.358975976540621 -4.085866245202758 65.56499999999997
754 1 -8.66673713680791e-16 -4.717951953081237 65.56499999999997
755 1 2.358975976540619 -4.08586624520276 65.56499999999997
756 1 4.0858662452027605 -2.358975976540617 65.56499999999997
757 1 4.717951953081237 0.0 66.26999999999997
758 1 4.08586624520276 2.358975976540618 66.26999999999997
759 1 2.358975976540619 4.08586624520276 66.26999999999997
760 1 2.8889123789359704e-16 4.717951953081237 66.26999999999997
761 1 -2.3589759765406177 4.08586624520276 66.26999999999997
762 1 -4.085866245202759 2.3589759765406204 66.26999999999997
763 1 -4.717951953081237 2.6729740307416004e-15 66.26999999999997
764 1 -4.085866245202761 -2.358975976540616 66.26999999999997
765 1 -2.358975976540621 -4.085866245202758 66.26999999999997
766 1 -8.66673713680791e-16 -4.717951953081237 66.26999999999997
767 1 2.358975976540619 -4.08586624520276 66.26999999999997
768 1 4.0858662452027605 -2.358975976540617 66.26999999999997
769 1 4.717951953081237 0.0 67.67999999999998
770 1 4.08586624520276 2.358975976540618 67.67999999999998
771 1 2.358975976540619 4.08586624520276 67.67999999999998
772 1 2.8889123789359704e-16 4.717951953081237 67.67999999999998
773 1 -2.3589759765406177 4.08586624520276 67.67999999999998
774 1 -4.085866245202759 2.3589759765406204 67.67999999999998
775 1 -4.717951953081237 2.6729740307416004e-15 67.67999999999998
776 1 -4.085866245202761 -2.358975976540616 67.67999999999998
777 1 -2.358975976540621 -4.085866245202758 67.67999999999998
778 1 -8.66673713680791e-16 -4.717951953081237 67.67999999999998
779 1 2.358975976540619 -4.08586624520276 67.67999999999998
780 1 4.0858662452027605 -2.358975976540617 67.67999999999998
781 1 4.717951953081237 0.0 68.38499999999998
782 1 4.08586624520276 2.358975976540618 68.38499999999998
783 1 2.358975976540619 4.08586624520276 68.38499999999998
784 1 2.8889123789359704e-16 4.717951953081237 68.38499999999998
785 1 -2.3589759765406177 4.08586624520276 68.38499999999998
786 1 -4.085866245202759 2.3589759765406204 68.38499999999998
787 1 -4.717951953081237 2.6729740307416004e-15 68.38499999999998
788 1 -4.085866245202761 -2.358975976540616 68.38499999999998
789 1 -2.358975976540621 -4.085866245202758 68.38499999999998
790 1 -8.66673713680791e-16 -4.717951953081237 68.38499999999998
791 1 2.358975976540619 -4.08586624520276 68.38499999999998
792 1 4.0858662452027605 -2.358975976540617 68.38499999999998
793 1 4.717951953081237 0.0 69.79499999999997
794 1 4.08586624520276 2.358975976540618 69.79499999999997
795 1 2.358975976540619 4.08586624520276 69.79499999999997
796 1 2.8889123789359704e-16 4.717951953081237 69.79499999999997
797 1 -2.3589759765406177 4.08586624520276 69.79499999999997
798 1 -4.085866245202759 2.3589759765406204 69.79499999999997
799 1 -4.717951953081237 2.6729740307416004e-15 69.79499999999997
800 1 -4.085866245202761 -2.358975976540616 69.79499999999997
801 1 -2.358975976540621 -4.085866245202758 69.79499999999997
802 1 -8.66673713680791e-16 -4.717951953081237 69.79499999999997
803 1 2.358975976540619 -4.08586624520276 69.79499999999997
804 1 4.0858662452027605 -2.358975976540617 69.79499999999997
805 1 4.717951953081237 0.0 70.49999999999997
806 1 4.08586624520276 2.358975976540618 70.49999999999997
807 1 2.358975976540619 4.08586624520276 70.49999999999997
808 1 2.8889123789359704e-16 4.717951953081237 70.49999999999997
809 1 -2.3589759765406177 4.08586624520276 70.49999999999997
810 1 -4.085866245202759 2.3589759765406204 70.49999999999997
811 1 -4.717951953081237 2.6729740307416004e-15 70.49999999999997
812 1 -4.085866245202761 -2.358975976540616 70.49999999999997
813 1 -2.358975976540621 -4.085866245202758 70.49999999999997
814 1 -8.66673713680791e-16 -4.717951953081237 70.49999999999997
815 1 2.358975976540619 -4.08586624520276 70.49999999999997
816 1 4.0858662452027605 -2.358975976540617 70.49999999999997
817 1 4.717951953081237 0.0 71.90999999999998
818 1 4.08586624520276 2.358975976540618 71.90999999999998
819 1 2.358975976540619 4.08586624520276 71.90999999999998
820 1 2.8889123789359704e-16 4.717951953081237 71.90999999999998
821 1 -2.3589759765406177 4.08586624520276 71.90999999999998
822 1 -4.085866245202759 2.3589759765406204 71.90999999999998
823 1 -4.717951953081237 2.6729740307416004e-15 71.90999999999998
824 1 -4.085866245202761 -2.358975976540616 71.90999999999998
825 1 -2.358975976540621 -4.085866245202758 71.90999999999998
826 1 -8.66673713680791e-16 -4.717951953081237 71.90999999999998
827 1 2.358975976540619 -4.08586624520276 71.90999999999998
828 1 4.0858662452027605 -2.358975976540617 71.90999999999998
829 1 4.717951953081237 0.0 72.61499999999998
830 1 4.08586624520276 2.358975976540618 72.61499999999998
831 1 2.358975976540619 4.08586624520276 72.61499999999998
832 1 2.8889123789359704e-16 4.717951953081237 72.61499999999998
833 1 -2.3589759765406177 4.08586624520276 72.61499999999998
834 1 -4.085866245202759 2.3589759765406204 72.61499999999998
835 1 -4.717951953081237 2.6729740307416004e-15 72.61499999999998
836 1 -4.085866245202761 -2.358975976540616 72.61499999999998
837 1 -2.358975976540621 -4.085866245202758 72.61499999999998
838 1 -8.66673713680791e-16 -4.717951953081237 72.61499999999998
839 1 2.358975976540619 -4.08586624520276 72.61499999999998
840 1 4.0858662452027605 -2.358975976540617 72.61499999999998
841 1 4.717951953081237 0.0 74.02499999999998
842 1 4.08586624520276 2.358975976540618 74.02499999999998
843 1 2.358975976540619 4.08586624520276 74.02499999999998
844 1 2.8889123789359704e-16 4.717951953081237 74.02499999999998
845 1 -2.3589759765406177 4.08586624520276 74.02499999999998
846 1 -4.085866245202759 2.3589759765406204 74.02499999999998
847 1 -4.717951953081237 2.6729740307416004e-15 74.02499999999998
848 1 -4.085866245202761 -2.358975976540616 74.02499999999998
849 1 -2.358975976540621 -4.085866245202758 74.02499999999998
850 1 -8.66673713680791e-16 -4.717951953081237 74.02499999999998
851 1 2.358975976540619 -4.08586624520276 74.02499999999998
852 1 4.0858662452027605 -2.358975976540617 74.02499999999998
853 1 4.717951953081237 0.0 74.72999999999998
854 1 4.08586624520276 2.358975976540618 74.72999999999998
855 1 2.358975976540619 4.08586624520276 74.72999999999998
856 1 2.8889123789359704e-16 4.717951953081237 74.72999999999998
857 1 -2.3589759765406177 4.08586624520276 74.72999999999998
858 1 -4.085866245202759 2.3589759765406204 74.72999999999998
859 1 -4.717951953081237 2.6729740307416004e-15 74.72999999999998
860 1 -4.085866245202761 -2.358975976540616 74.72999999999998
861 1 -2.358975976540621 -4.085866245202758 74.72999999999998
862 1 -8.66673713680791e-16 -4.717951953081237 74.72999999999998
863 1 2.358975976540619 -4.08586624520276 74.72999999999998
864 1 4.0858662452027605 -2.358975976540617 74.72999999999998
865 1 4.717951953081237 0.0 76.13999999999999
866 1 4.08586624520276 2.358975976540618 76.13999999999999
867 1 2.358975976540619 4.08586624520276 76.13999999999999
868 1 2.8889123789359704e-16 4.717951953081237 76.13999999999999
869 1 -2.3589759765406177 4.08586624520276 76.13999999999999
870 1 -4.085866245202759 2.3589759765406204 76.13999999999999
871 1 -4.717951953081237 2.6729740307416004e-15 76.13999999999999
872 1 -4.085866245202761 -2.358975976540616 76.13999999999999
873 1 -2.358975976540621 -4.085866245202758 76.13999999999999
874 1 -8.66673713680791e-16 -4.717951953081237 76.13999999999999
875 1 2.358975976540619 -4.08586624520276 76.13999999999999
876 1 4.0858662452027605 -2.358975976540617 76.13999999999999
877 1 4.717951953081237 0.0 76.84499999999998
878 1 4.08586624520276 2.358975976540618 76.84499999999998
879 1 2.358975976540619 4.08586624520276 76.84499999999998
880 1 2.8889123789359704e-16 4.717951953081237 76.84499999999998
881 1 -2.3589759765406177 4.08586624520276 76.84499999999998
882 1 -4.085866245202759 2.3589759765406204 76.84499999999998
883 1 -4.717951953081237 2.6729740307416004e-15 76.84499999999998
884 1 -4.085866245202761 -2.358975976540616 76.84499999999998
885 1 -2.358975976540621 -4.085866245202758 76.84499999999998
886 1 -8.66673713680791e-16 -4.717951953081237 76.84499999999998
887 1 2.358975976540619 -4.08586624520276 76.84499999999998
888 1 4.0858662452027605 -2.358975976540617 76.84499999999998
889 1 4.717951953081237 0.0 78.25499999999998
890 1 4.08586624520276 2.358975976540618 78.25499999999998
891 1 2.358975976540619 4.08586624520276 78.25499999999998
892 1 2.8889123789359704e-16 4.717951953081237 78.25499999999998
893 1 -2.3589759765406177 4.08586624520276 78.25499999999998
894 1 -4.085866245202759 2.3589759765406204 78.25499999999998
895 1 -4.717951953081237 2.6729740307416004e-15 78.25499999999998
896 1 -4.085866245202761 -2.358975976540616 78.25499999999998
897 1 -2.358975976540621 -4.085866245202758 78.25499999999998
898 1 -8.66673713680791e-16 -4.717951953081237 78.25499999999998
899 1 2.358975976540619 -4.08586624520276 78.25499999999998
900 1 4.0858662452027605 -2.358975976540617 78.25499999999998
901 1 4.717951953081237 0.0 78.95999999999998
902 1 4.08586624520276 2.358975976540618 78.95999999999998
903 1 2.358975976540619 4.08586624520276 78.95999999999998
904 1 2.8889123789359704e-16 4.717951953081237 78.95999999999998
905 1 -2.3589759765406177 4.08586624520276 78.95999999999998
906 1 -4.085866245202759 2.3589759765406204 78.95999999999998
907 1 -4.717951953081237 2.6729740307416004e-15 78.95999999999998
908 1 -4.085866245202761 -2.358975976540616 78.95999999999998
909 1 -2.358975976540621 -4.085866245202758 78.95999999999998
910 1 -8.66673713680791e-16 -4.717951953081237 78.95999999999998
911 1 2.358975976540619 -4.08586624520276 78.95999999999998
912 1 4.0858662452027605 -2.358975976540617 78.95999999999998
913 1 4.717951953081237 0.0 80.36999999999999
914 1 4.08586624520276 2.358975976540618 80.36999999999999
915 1 2.358975976540619 4.08586624520276 80.36999999999999
916 1 2.8889123789359704e-16 4.717951953081237 80.36999999999999
917 1 -2.3589759765406177 4.08586624520276 80.36999999999999
918 1 -4.085866245202759 2.3589759765406204 80.36999999999999
919 1 -4.717951953081237 2.6729740307416004e-15 80.36999999999999
920 1 -4.085866245202761 -2.358975976540616 80.36999999999999
921 1 -2.358975976540621 -4.085866245202758 80.36999999999999
922 1 -8.66673713680791e-16 -4.717951953081237 80.36999999999999
923 1 2.358975976540619 -4.08586624520276 80.36999999999999
924 1 4.0858662452027605 -2.358975976540617 80.36999999999999
925 1 4.717951953081237 0.0 81.07499999999999
926 1 4.08586624520276 2.358975976540618 81.07499999999999
927 1 2.358975976540619 4.08586624520276 81.07499999999999
928 1 2.8889123789359704e-16 4.717951953081237 81.07499999999999
929 1 -2.3589759765406177 4.08586624520276 81.07499999999999
930 1 -4.085866245202759 2.3589759765406204 81.07499999999999
931 1 -4.717951953081237 2.6729740307416004e-15 81.07499999999999
932 1 -4.085866245202761 -2.358975976540616 81.07499999999999
933 1 -2.358975976540621 -4.085866245202758 81.07499999999999
934 1 -8.66673713680791e-16 -4.717951953081237 81.07499999999999
935 1 2.358975976540619 -4.08586624520276 81.07499999999999
936 1 4.0858662452027605 -2.358975976540617 81.07499999999999
937 1 4.717951953081237 0.0 82.48499999999999
938 1 4.08586624520276 2.358975976540618 82.48499999999999
939 1 2.358975976540619 4.08586624520276 82.48499999999999
940 1 2.8889123789359704e-16 4.717951953081237 82.48499999999999
941 1 -2.3589759765406177 4.08586624520276 82.48499999999999
942 1 -4.085866245202759 2.3589759765406204 82.48499999999999
943 1 -4.717951953081237 2.6729740307416004e-15 82.48499999999999
944 1 -4.085866245202761 -2.358975976540616 82.48499999999999
945 1 -2.358975976540621 -4.085866245202758 82.48499999999999
946 1 -8.66673713680791e-16 -4.717951953081237 82.48499999999999
947 1 2.358975976540619 -4.08586624520276 82.48499999999999
948 1 4.0858662452027605 -2.358975976540617 82.48499999999999
949 1 4.717951953081237 0.0 83.18999999999998
950 1 4.08586624520276 2.358975976540618 83.18999999999998
951 1 2.358975976540619 4.08586624520276 83.18999999999998
952 1 2.8889123789359704e-16 4.717951953081237 83.18999999999998
953 1 -2.3589759765406177 4.08586624520276 83.18999999999998
954 1 -4.085866245202759 2.3589759765406204 83.18999999999998
955 1 -4.717951953081237 2.6729740307416004e-15 83.18999999999998
956 1 -4.085866245202761 -2.358975976540616 83.18999999999998
957 1 -2.358975976540621 -4.085866245202758 83.18999999999998
958 1 -8.66673713680791e-16 -4.717951953081237 83.18999999999998
959 1 2.358975976540619 -4.08586624520276 83.18999999999998
960 1 4.0858662452027605 -2.358975976540617 83.18999999999998
